NC_003080|NP_203141.1	NC_003080|NP_203141.1	100.00	521	0	0	1	521	1	521	0.0	 1066
NC_003080|NP_203142.1	NC_003080|NP_203142.1	100.00	484	0	0	1	484	1	484	0.0	  953
NC_003080|NP_203143.1	NC_003080|NP_203143.1	100.00	152	0	0	1	152	1	152	3e-88	  260
NC_003080|NP_203144.1	NC_003080|NP_203144.1	100.00	301	0	0	1	301	1	301	0.0	  559
NC_003080|NP_203144.1	NC_002570|NP_241684.1	27.92	308	203	9	1	297	1	300	1e-37	  140
NC_003080|NP_203144.1	NC_020238|YP_007423929.1	28.62	304	206	7	1	297	1	300	9e-37	  137
NC_003080|NP_203144.1	NC_002570|NP_241311.1	30.98	297	191	9	4	293	7	296	2e-32	  125
NC_003080|NP_203144.1	NC_002570|NP_244761.1	33.93	224	141	3	1	222	1	219	2e-31	  122
NC_003080|NP_203144.1	NC_020238|YP_007424863.1	32.31	229	138	4	1	224	1	217	1e-30	  121
NC_003080|NP_203144.1	NC_006512|YP_154873.1	31.28	243	152	5	4	234	1	240	4e-30	  118
NC_003080|NP_203144.1	NC_020238|YP_007423053.1	29.55	291	193	7	16	301	18	301	3e-29	  117
NC_003080|NP_203144.1	NC_020238|YP_007424788.1	34.98	223	139	3	1	222	1	218	9e-29	  115
NC_003080|NP_203144.1	NC_020238|YP_007420688.1	33.18	214	136	5	4	214	5	214	3e-28	  114
NC_003080|NP_203144.1	NC_002570|NP_241314.1	32.88	222	141	5	4	222	2	218	4e-28	  114
NC_003080|NP_203144.1	NC_020238|YP_007422691.1	28.07	228	159	3	4	228	1	226	4e-28	  112
NC_003080|NP_203144.1	NC_020238|YP_007419419.1	28.69	237	163	4	4	238	7	239	1e-27	  112
NC_003080|NP_203144.1	NC_020238|YP_007424911.1	31.11	225	147	5	1	222	1	220	4e-27	  111
NC_003080|NP_203144.1	NC_000916|NP_276486.1	27.85	298	203	5	4	293	18	311	7e-27	  110
NC_003080|NP_203144.1	NC_021033|YP_007821124.1	36.04	222	136	5	4	222	269	487	2e-26	  113
NC_003080|NP_203144.1	NC_021033|YP_007821124.1	26.82	220	144	4	16	223	15	229	1e-13	73.9
NC_003080|NP_203144.1	NC_016147|YP_004931492.1	33.95	215	131	5	10	222	16	221	3e-26	  108
NC_003080|NP_203144.1	NC_020238|YP_007421075.1	30.63	222	150	3	5	224	4	223	5e-26	  108
NC_003080|NP_203144.1	NC_009901|YP_001504036.1	30.52	213	143	2	16	225	12	222	5e-26	  107
NC_003080|NP_203144.1	NC_002570|NP_242057.1	30.99	213	146	1	14	225	14	226	5e-26	  107
NC_003080|NP_203144.1	NC_006512|YP_154704.1	29.18	233	152	5	5	232	6	230	2e-25	  105
NC_003080|NP_203144.1	NC_020238|YP_007422781.1	32.88	222	139	6	5	222	6	221	2e-25	  105
NC_003080|NP_203144.1	NC_002570|NP_243996.1	32.76	232	144	4	10	233	8	235	2e-25	  106
NC_003080|NP_203144.1	NC_016147|YP_004931203.1	35.35	215	120	5	16	218	13	220	8e-25	  105
NC_003080|NP_203144.1	NC_016147|YP_004928885.1	29.20	226	156	2	4	225	1	226	1e-24	  103
NC_003080|NP_203144.1	NC_020238|YP_007420302.1	29.47	207	145	1	20	225	19	225	1e-24	  103
NC_003080|NP_203144.1	NC_020238|YP_007422580.1	29.82	218	146	5	8	223	9	221	2e-24	  102
NC_003080|NP_203144.1	NC_020238|YP_007420349.1	31.96	219	143	3	5	218	3	220	2e-24	  103
NC_003080|NP_203144.1	NC_002570|NP_241045.1	29.17	216	148	2	1	216	1	211	4e-24	  101
NC_003080|NP_203144.1	NC_006512|YP_156640.1	29.86	221	154	1	3	222	2	222	5e-24	  102
NC_003080|NP_203144.1	NC_020238|YP_007422965.1	26.42	299	212	4	4	301	1	292	6e-24	  102
NC_003080|NP_203144.1	NC_000913|NP_414669.1	26.45	310	213	7	1	301	1	304	1e-23	  101
NC_003080|NP_203144.1	NC_002570|NP_244847.1	31.08	222	145	5	5	223	6	222	2e-23	  100
NC_003080|NP_203144.1	NC_017248|YP_005602966.1	31.94	216	139	3	7	217	41	253	3e-23	99.8
NC_003080|NP_203144.1	NC_000916|NP_275276.1	27.80	223	152	3	3	218	4	224	5e-23	99.0
NC_003080|NP_203144.1	NC_002570|NP_242964.1	29.61	233	157	4	4	234	1	228	6e-23	99.4
NC_003080|NP_203144.1	NC_002570|NP_244080.1	33.01	206	132	3	21	222	21	224	1e-22	98.6
NC_003080|NP_203144.1	NC_002570|NP_241156.1	28.90	263	172	8	5	260	3	257	1e-22	98.2
NC_003080|NP_203144.1	NC_000916|NP_276601.1	29.41	238	154	6	1	229	1	233	1e-22	98.6
NC_003080|NP_203144.1	NC_002570|NP_241869.1	28.35	261	157	6	3	251	2	244	2e-22	97.8
NC_003080|NP_203144.1	NC_020238|YP_007423902.1	28.95	266	175	7	5	260	3	264	3e-22	97.1
NC_003080|NP_203144.1	NC_000913|NP_414900.1	35.53	197	123	2	16	211	12	205	3e-22	96.3
NC_003080|NP_203144.1	NC_000913|NP_415958.1	30.37	214	147	2	1	213	1	213	4e-22	97.1
NC_003080|NP_203144.1	NC_020238|YP_007420652.1	31.42	226	147	3	1	222	1	222	8e-22	96.3
NC_003080|NP_203144.1	NC_000913|NP_416917.1	30.84	214	142	3	5	213	3	215	8e-22	96.3
NC_003080|NP_203144.1	NC_000916|NP_276816.1	30.67	225	141	6	4	218	1	220	1e-21	95.5
NC_003080|NP_203144.1	NC_020238|YP_007420599.1	24.49	294	194	6	21	300	18	297	2e-21	94.4
NC_003080|NP_203144.1	NC_020238|YP_007419587.1	30.56	216	144	3	4	214	1	215	2e-21	93.6
NC_003080|NP_203144.1	NC_000913|NP_416427.1	27.87	244	157	4	5	237	4	239	3e-21	93.6
NC_003080|NP_203144.1	NC_009901|YP_001500708.1	31.42	226	141	5	5	222	4	223	3e-21	94.7
NC_003080|NP_203144.1	NC_000913|NP_415315.4	30.25	238	151	7	4	236	329	556	3e-21	96.7
NC_003080|NP_203144.1	NC_000913|NP_415315.4	25.65	308	209	8	4	298	5	305	7e-15	77.4
NC_003080|NP_203144.1	NC_002570|NP_242032.1	27.45	306	191	9	10	300	8	297	4e-21	93.6
NC_003080|NP_203144.1	NC_017248|YP_005603041.1	30.29	208	144	1	16	222	14	221	6e-21	93.6
NC_003080|NP_203144.1	NC_000916|NP_275620.1	32.55	212	132	5	1	209	1	204	1e-20	93.2
NC_003080|NP_203144.1	NC_017248|YP_005602919.1	30.94	223	148	3	5	222	48	269	1e-20	93.2
NC_003080|NP_203144.1	NC_000913|NP_417668.1	31.92	213	140	4	10	218	9	220	1e-20	91.3
NC_003080|NP_203144.1	NC_020238|YP_007424193.1	31.94	216	138	4	4	213	3	215	2e-20	90.9
NC_003080|NP_203144.1	NC_020238|YP_007420614.1	28.31	272	180	7	1	266	1	263	2e-20	91.7
NC_003080|NP_203144.1	NC_022132|YP_008474068.1	29.05	210	142	2	22	226	20	227	3e-20	90.5
NC_003080|NP_203144.1	NC_006512|YP_154666.1	28.17	213	151	2	10	222	8	218	3e-20	91.3
NC_003080|NP_203144.1	NC_000916|NP_276221.1	26.13	310	213	8	1	298	1	306	3e-20	91.3
NC_003080|NP_203144.1	NC_000913|NP_415644.1	27.71	231	165	2	1	230	14	243	4e-20	91.7
NC_003080|NP_203144.1	NC_016147|YP_004929818.1	31.56	225	145	4	4	222	1	222	4e-20	90.1
NC_003080|NP_203144.1	NC_017248|YP_005604355.1	31.58	228	148	4	10	233	28	251	5e-20	91.3
NC_003080|NP_203144.1	NC_021033|YP_007821411.1	29.91	224	148	3	14	228	12	235	6e-20	90.5
NC_003080|NP_203144.1	NC_000913|NP_415376.4	30.09	226	150	3	1	222	16	237	6e-20	91.3
NC_003080|NP_203144.1	NC_000913|NP_414796.2	28.92	249	174	3	5	251	7	254	6e-20	90.5
NC_003080|NP_203144.1	NC_002570|NP_241518.1	28.33	233	157	6	1	231	1	225	7e-20	89.7
NC_003080|NP_203144.1	NC_021033|YP_007821938.1	30.95	210	143	2	10	218	20	228	1e-19	90.1
NC_003080|NP_203144.1	NC_002570|NP_241038.1	31.11	225	144	4	9	222	3	227	2e-19	88.2
NC_003080|NP_203144.1	NC_006512|YP_156785.1	27.21	283	189	8	5	282	271	541	2e-19	92.0
NC_003080|NP_203144.1	NC_006512|YP_156785.1	28.77	219	138	4	16	222	19	231	3e-12	69.7
NC_003080|NP_203144.1	NC_020238|YP_007424682.1	30.24	205	136	4	13	214	11	211	2e-19	87.4
NC_003080|NP_203144.1	NC_002570|NP_241920.1	26.46	223	161	3	4	224	592	813	2e-19	91.7
NC_003080|NP_203144.1	NC_021033|YP_007822061.1	30.10	196	134	2	21	215	36	229	3e-19	88.2
NC_003080|NP_203144.1	NC_000913|YP_026225.1	29.78	225	152	5	5	226	277	498	3e-19	91.3
NC_003080|NP_203144.1	NC_000913|YP_026225.1	30.04	223	142	4	16	228	23	241	8e-17	83.6
NC_003080|NP_203144.1	NC_002570|NP_244348.1	30.73	218	145	2	8	219	8	225	4e-19	88.2
NC_003080|NP_203144.1	NC_002570|NP_241893.1	28.64	220	149	5	4	217	1	218	5e-19	87.0
NC_003080|NP_203144.1	NC_009901|YP_001500350.1	29.90	204	138	2	21	223	44	243	5e-19	87.8
NC_003080|NP_203144.1	NC_021033|YP_007821261.1	32.00	225	130	4	20	234	29	240	6e-19	86.7
NC_003080|NP_203144.1	NC_022132|YP_008473768.1	28.27	237	146	6	4	219	2	235	8e-19	86.3
NC_003080|NP_203144.1	NC_009901|YP_001503247.1	29.07	227	149	4	4	222	1	223	1e-18	85.9
NC_003080|NP_203144.1	NC_020238|YP_007419737.1	31.34	217	147	2	4	218	1	217	1e-18	87.4
NC_003080|NP_203144.1	NC_021033|YP_007822359.1	28.44	225	152	3	4	219	1	225	1e-18	87.0
NC_003080|NP_203144.1	NC_016147|YP_004928926.1	32.48	234	145	5	15	236	17	249	2e-18	85.5
NC_003080|NP_203144.1	NC_002570|NP_242260.1	32.84	201	122	4	19	209	23	220	4e-18	84.3
NC_003080|NP_203144.1	NC_009901|YP_001500809.1	30.69	202	133	2	21	218	36	234	4e-18	85.9
NC_003080|NP_203144.1	NC_009901|YP_001504033.1	29.51	244	159	8	33	271	36	271	6e-18	84.0
NC_003080|NP_203144.1	NC_020238|YP_007423552.1	28.70	216	148	3	4	214	1	215	7e-18	83.6
NC_003080|NP_203144.1	NC_016147|YP_004930231.1	29.44	214	149	2	10	222	15	227	1e-17	84.3
NC_003080|NP_203144.1	NC_020238|YP_007421569.1	23.41	205	149	2	19	223	16	212	1e-17	82.8
NC_003080|NP_203144.1	NC_017248|YP_005604115.1	27.63	228	159	5	4	228	279	503	1e-17	85.9
NC_003080|NP_203144.1	NC_017248|YP_005604115.1	31.44	229	142	8	4	222	14	237	4e-16	81.3
NC_003080|NP_203144.1	NC_021033|YP_007822066.1	30.77	208	133	5	25	222	25	231	2e-17	82.8
NC_003080|NP_203144.1	NC_020238|YP_007423624.1	25.00	224	153	5	4	222	1	214	2e-17	82.4
NC_003080|NP_203144.1	NC_020238|YP_007420686.1	27.31	227	155	5	1	226	1	218	2e-17	81.6
NC_003080|NP_203144.1	NC_006512|YP_154789.1	27.15	221	152	4	8	222	7	224	2e-17	82.0
NC_003080|NP_203144.1	NC_020238|YP_007423774.1	31.19	218	141	4	9	217	3	220	3e-17	82.0
NC_003080|NP_203144.1	NC_022132|YP_008474228.1	26.13	222	159	2	12	228	10	231	4e-17	81.6
NC_003080|NP_203144.1	NC_021033|YP_007821718.1	28.64	220	150	4	4	217	1	219	4e-17	80.9
NC_003080|NP_203144.1	NC_000913|NP_418459.1	30.81	198	130	4	24	217	22	216	5e-17	82.8
NC_003080|NP_203144.1	NC_000913|NP_416633.1	30.97	226	135	8	4	217	1	217	6e-17	81.6
NC_003080|NP_203144.1	NC_000916|NP_275839.1	30.23	215	140	5	3	210	2	213	7e-17	80.1
NC_003080|NP_203144.1	NC_000913|YP_026286.1	28.83	222	143	5	3	214	8	224	7e-17	83.2
NC_003080|NP_203144.1	NC_000913|NP_417907.2	29.52	210	143	2	5	211	4	211	8e-17	82.0
NC_003080|NP_203144.1	NC_017248|YP_005603804.1	30.84	227	148	5	4	222	25	250	8e-17	80.9
NC_003080|NP_203144.1	NC_020238|YP_007421019.1	29.39	228	146	6	5	222	3	225	9e-17	81.6
NC_003080|NP_203144.1	NC_021033|YP_007822326.1	30.28	218	139	5	16	222	20	235	1e-16	80.1
NC_003080|NP_203144.1	NC_020238|YP_007419703.1	27.05	207	144	4	21	222	41	245	1e-16	81.6
NC_003080|NP_203144.1	NC_020238|YP_007421192.1	27.16	243	158	7	1	227	1	240	1e-16	80.1
NC_003080|NP_203144.1	NC_020238|YP_007420090.1	27.75	227	148	4	4	218	1	223	1e-16	80.1
NC_003080|NP_203144.1	NC_002570|NP_242622.1	29.15	199	132	3	4	193	1	199	2e-16	79.0
NC_003080|NP_203144.1	NC_002570|NP_242329.1	27.91	215	145	4	4	211	1	212	2e-16	79.0
NC_003080|NP_203144.1	NC_020238|YP_007422466.1	28.83	222	151	2	13	229	308	527	3e-16	81.6
NC_003080|NP_203144.1	NC_020238|YP_007422466.1	30.19	212	130	8	21	218	22	229	1e-10	64.3
NC_003080|NP_203144.1	NC_009901|YP_001500078.1	29.41	187	125	3	20	205	25	205	3e-16	78.6
NC_003080|NP_203144.1	NC_020238|YP_007423686.1	30.45	220	137	6	1	209	1	215	3e-16	79.0
NC_003080|NP_203144.1	NC_020238|YP_007422533.1	32.21	208	140	1	21	227	35	242	4e-16	79.0
NC_003080|NP_203144.1	NC_006512|YP_156439.1	29.30	215	135	2	2	210	13	216	4e-16	78.2
NC_003080|NP_203144.1	NC_002570|NP_242255.1	26.07	211	149	4	13	219	12	219	4e-16	78.6
NC_003080|NP_203144.1	NC_000913|NP_417912.1	25.81	248	150	7	21	247	21	255	4e-16	78.6
NC_003080|NP_203144.1	NC_021033|YP_007821105.1	30.23	215	134	3	13	218	9	216	5e-16	78.2
NC_003080|NP_203144.1	NC_006512|YP_155450.1	26.03	219	155	3	20	233	19	235	5e-16	79.7
NC_003080|NP_203144.1	NC_002570|NP_242077.1	31.25	224	142	5	5	220	4	223	5e-16	78.6
NC_003080|NP_203144.1	NC_009901|YP_001500551.1	23.39	295	218	4	9	297	12	304	7e-16	79.0
NC_003080|NP_203144.1	NC_016147|YP_004930361.1	29.11	213	145	5	5	214	276	485	7e-16	80.9
NC_003080|NP_203144.1	NC_016147|YP_004930361.1	32.76	232	135	8	4	222	10	233	1e-15	80.1
NC_003080|NP_203144.1	NC_002570|NP_241942.1	28.84	215	152	1	5	218	4	218	7e-16	79.7
NC_003080|NP_203144.1	NC_020238|YP_007420513.1	26.38	235	158	6	3	222	7	241	8e-16	78.6
NC_003080|NP_203144.1	NC_000913|NP_414741.1	28.37	282	181	7	10	270	7	288	1e-15	79.0
NC_003080|NP_203144.1	NC_009901|YP_001504047.1	26.36	220	159	3	4	222	33	250	1e-15	78.6
NC_003080|NP_203144.1	NC_021033|YP_007821695.1	27.54	207	139	5	16	218	16	215	1e-15	77.8
NC_003080|NP_203144.1	NC_009901|YP_001503231.1	26.64	214	148	3	20	227	48	258	1e-15	77.8
NC_003080|NP_203144.1	NC_000913|NP_418707.1	29.05	210	141	3	16	218	13	221	2e-15	77.0
NC_003080|NP_203144.1	NC_020238|YP_007419455.1	27.85	219	149	3	10	219	7	225	2e-15	78.2
NC_003080|NP_203144.1	NC_000913|NP_418024.1	28.02	257	173	7	1	249	1	253	2e-15	79.3
NC_003080|NP_203144.1	NC_000913|NP_418024.1	23.53	221	153	5	21	226	277	496	9e-07	52.8
NC_003080|NP_203144.1	NC_000913|NP_417811.1	31.10	209	123	5	15	205	11	216	2e-15	79.3
NC_003080|NP_203144.1	NC_000913|NP_417811.1	24.66	219	122	7	10	213	315	505	2e-07	54.7
NC_003080|NP_203144.1	NC_000913|NP_417163.1	29.90	204	136	2	26	222	49	252	2e-15	78.6
NC_003080|NP_203144.1	NC_009901|YP_001503463.1	29.65	226	147	6	1	218	1	222	2e-15	76.3
NC_003080|NP_203144.1	NC_009901|YP_001502339.1	25.58	215	147	4	4	213	3	209	3e-15	77.0
NC_003080|NP_203144.1	NC_021033|YP_007821721.1	27.15	221	154	4	4	218	6	225	3e-15	75.9
NC_003080|NP_203144.1	NC_020238|YP_007423477.1	26.89	212	147	4	10	220	7	211	3e-15	76.6
NC_003080|NP_203144.1	NC_000913|NP_415330.1	29.07	227	149	5	4	222	1	223	4e-15	75.5
NC_003080|NP_203144.1	NC_021033|YP_007821903.1	25.31	241	162	4	5	228	4	243	4e-15	75.9
NC_003080|NP_203144.1	NC_021033|YP_007821823.1	34.29	175	106	3	4	169	5	179	4e-15	75.5
NC_003080|NP_203144.1	NC_002570|NP_241152.1	27.36	201	136	3	3	193	6	206	4e-15	75.9
NC_003080|NP_203144.1	NC_022132|YP_008473838.1	23.72	215	158	2	4	213	1	214	4e-15	75.5
NC_003080|NP_203144.1	NC_000913|NP_416372.1	30.97	226	135	6	1	223	1	208	5e-15	75.5
NC_003080|NP_203144.1	NC_020238|YP_007421870.1	28.44	225	148	5	1	214	1	223	5e-15	75.1
NC_003080|NP_203144.1	NC_002570|NP_243188.1	25.65	230	158	4	4	223	6	232	5e-15	77.8
NC_003080|NP_203144.1	NC_002570|NP_243188.1	24.66	219	145	5	24	226	275	489	3e-08	57.4
NC_003080|NP_203144.1	NC_002570|NP_243857.1	25.86	232	157	6	2	220	29	258	6e-15	75.5
NC_003080|NP_203144.1	NC_000913|NP_415028.1	31.34	201	126	4	4	193	6	205	6e-15	74.7
NC_003080|NP_203144.1	NC_017248|YP_005604668.1	27.15	221	149	4	2	214	9	225	8e-15	75.1
NC_003080|NP_203144.1	NC_002570|NP_241378.1	29.22	219	139	7	5	213	4	216	8e-15	76.3
NC_003080|NP_203144.1	NC_016147|YP_004931494.1	32.04	206	124	6	1	193	1	203	9e-15	74.3
NC_003080|NP_203144.1	NC_021033|YP_007822151.1	25.45	220	147	5	16	234	17	220	1e-14	77.0
NC_003080|NP_203144.1	NC_022132|YP_008473161.1	27.65	217	146	5	1	211	1	212	1e-14	73.9
NC_003080|NP_203144.1	NC_000913|NP_418530.1	25.29	261	170	5	1	237	1	260	1e-14	74.7
NC_003080|NP_203144.1	NC_000916|NP_275597.1	27.55	196	122	3	21	214	286	463	1e-14	76.6
NC_003080|NP_203144.1	NC_000916|NP_275597.1	26.07	211	142	5	21	222	21	226	4e-08	57.0
NC_003080|NP_203144.1	NC_000916|NP_275294.1	29.00	231	127	4	21	224	44	264	1e-14	76.6
NC_003080|NP_203144.1	NC_000916|NP_275294.1	34.38	96	62	1	131	225	480	575	5e-06	50.4
NC_003080|NP_203144.1	NC_002570|NP_242944.1	29.65	199	132	5	19	213	23	217	1e-14	74.3
NC_003080|NP_203144.1	NC_020238|YP_007424674.1	27.64	199	139	2	21	214	4	202	1e-14	73.6
NC_003080|NP_203144.1	NC_020238|YP_007421708.1	27.67	206	132	4	2	193	3	205	1e-14	74.3
NC_003080|NP_203144.1	NC_020238|YP_007424892.1	27.36	212	147	3	18	222	16	227	1e-14	74.7
NC_003080|NP_203144.1	NC_009901|YP_001500378.1	24.79	234	167	4	1	226	1	233	1e-14	76.3
NC_003080|NP_203144.1	NC_009901|YP_001500378.1	24.43	221	151	5	24	231	272	489	1e-08	58.5
NC_003080|NP_203144.1	NC_016147|YP_004930265.1	29.38	211	146	3	5	213	4	213	2e-14	75.5
NC_003080|NP_203144.1	NC_017248|YP_005604493.1	28.87	194	137	1	25	217	24	217	3e-14	73.2
NC_003080|NP_203144.1	NC_002570|NP_241248.1	28.70	230	141	6	4	225	1	215	3e-14	73.2
NC_003080|NP_203144.1	NC_016147|YP_004928882.1	27.05	207	148	2	21	225	30	235	3e-14	74.7
NC_003080|NP_203144.1	NC_000913|NP_415185.1	27.04	196	138	2	38	228	34	229	3e-14	73.2
NC_003080|NP_203144.1	NC_020238|YP_007423400.1	27.14	210	152	1	10	218	9	218	3e-14	75.1
NC_003080|NP_203144.1	NC_020238|YP_007423118.1	25.98	254	173	6	20	260	18	269	3e-14	73.6
NC_003080|NP_203144.1	NC_016147|YP_004928965.1	28.44	218	142	4	15	218	24	241	3e-14	73.6
NC_003080|NP_203144.1	NC_000913|NP_416654.1	24.37	238	155	4	4	226	13	240	3e-14	75.5
NC_003080|NP_203144.1	NC_006512|YP_154795.1	28.99	238	159	5	1	230	1	236	3e-14	73.6
NC_003080|NP_203144.1	NC_002570|NP_242453.1	28.78	205	134	6	20	214	17	219	3e-14	75.1
NC_003080|NP_203144.1	NC_016147|YP_004928762.1	31.60	212	136	3	10	214	9	218	3e-14	72.8
NC_003080|NP_203144.1	NC_000913|NP_417737.1	26.15	218	156	2	16	228	23	240	3e-14	73.2
NC_003080|NP_203144.1	NC_000913|NP_416030.1	29.57	230	146	7	8	234	15	231	3e-14	75.1
NC_003080|NP_203144.1	NC_000913|NP_416030.1	26.09	207	143	4	17	213	275	481	4e-09	60.1
NC_003080|NP_203144.1	NC_020238|YP_007419840.1	29.52	227	151	5	5	223	3	228	4e-14	75.1
NC_003080|NP_203144.1	NC_020238|YP_007419840.1	20.77	207	148	5	21	213	268	472	5e-06	50.4
NC_003080|NP_203144.1	NC_020238|YP_007423175.1	27.12	236	161	5	1	229	1	232	4e-14	75.1
NC_003080|NP_203144.1	NC_020238|YP_007423175.1	30.19	212	128	4	21	215	273	481	2e-12	69.7
NC_003080|NP_203144.1	NC_009901|YP_001503824.1	29.90	204	135	3	4	199	1	204	4e-14	72.4
NC_003080|NP_203144.1	NC_000913|NP_416000.1	27.23	213	124	6	19	217	30	225	4e-14	73.6
NC_003080|NP_203144.1	NC_006512|YP_154619.1	29.07	227	148	4	4	221	1	223	4e-14	72.4
NC_003080|NP_203144.1	NC_020238|YP_007420512.1	24.45	274	170	7	13	249	16	289	5e-14	73.9
NC_003080|NP_203144.1	NC_000913|NP_417920.1	32.00	200	121	5	4	193	1	195	5e-14	72.0
NC_003080|NP_203144.1	NC_022132|YP_008472828.1	28.27	191	122	4	31	214	28	210	5e-14	73.2
NC_003080|NP_203144.1	NC_002570|NP_241437.1	26.96	230	149	6	4	214	3	232	5e-14	72.8
NC_003080|NP_203144.1	NC_020238|YP_007422156.1	30.35	201	131	4	16	213	17	211	5e-14	72.4
NC_003080|NP_203144.1	NC_000913|NP_415453.1	29.36	218	112	3	20	220	26	218	6e-14	72.4
NC_003080|NP_203144.1	NC_020238|YP_007424454.1	27.40	219	150	3	10	219	7	225	7e-14	73.6
NC_003080|NP_203144.1	NC_020238|YP_007420030.1	26.39	216	150	3	4	210	1	216	8e-14	71.6
NC_003080|NP_203144.1	NC_009901|YP_001504020.1	29.00	200	132	3	4	193	7	206	8e-14	71.6
NC_003080|NP_203144.1	NC_002570|NP_244360.1	24.38	242	164	6	1	235	1	230	1e-13	72.4
NC_003080|NP_203144.1	NC_020238|YP_007421619.1	24.32	222	159	4	4	218	1	220	1e-13	72.8
NC_003080|NP_203144.1	NC_002570|NP_241217.1	26.27	217	150	5	19	225	30	246	1e-13	72.8
NC_003080|NP_203144.1	NC_020238|YP_007419316.1	28.69	237	147	9	4	219	5	240	1e-13	72.8
NC_003080|NP_203144.1	NC_002570|NP_244540.1	30.46	197	131	3	20	210	20	216	1e-13	71.2
NC_003080|NP_203144.1	NC_000913|NP_414608.1	29.00	200	137	3	26	222	20	217	1e-13	71.2
NC_003080|NP_203144.1	NC_002570|NP_242006.1	27.19	217	153	2	5	218	4	218	1e-13	72.8
NC_003080|NP_203144.1	NC_002570|NP_244597.1	27.59	232	154	6	4	222	2	232	1e-13	73.2
NC_003080|NP_203144.1	NC_002570|NP_244161.1	29.30	215	141	6	21	226	17	229	2e-13	71.2
NC_003080|NP_203144.1	NC_009901|YP_001503958.1	27.23	224	145	7	32	243	30	247	2e-13	72.4
NC_003080|NP_203144.1	NC_020238|YP_007422109.1	25.85	236	125	7	10	219	9	220	2e-13	72.8
NC_003080|NP_203144.1	NC_020238|YP_007422109.1	25.85	236	157	5	4	223	246	479	2e-10	64.3
NC_003080|NP_203144.1	NC_022132|YP_008472967.1	28.72	195	126	3	20	209	18	204	2e-13	71.2
NC_003080|NP_203144.1	NC_017248|YP_005604665.1	27.87	244	152	6	10	237	11	246	2e-13	71.2
NC_003080|NP_203144.1	NC_002570|NP_243988.1	27.73	220	149	6	4	214	1	219	2e-13	70.5
NC_003080|NP_203144.1	NC_009901|YP_001501695.1	29.00	200	134	4	21	214	21	218	3e-13	70.5
NC_003080|NP_203144.1	NC_000913|NP_418511.1	26.07	234	162	3	2	225	3	235	3e-13	72.4
NC_003080|NP_203144.1	NC_000913|NP_418511.1	31.40	86	59	0	128	213	402	487	3e-06	50.8
NC_003080|NP_203144.1	NC_020238|YP_007423673.1	26.17	214	144	5	14	214	33	245	3e-13	70.9
NC_003080|NP_203144.1	NC_000913|NP_416001.1	26.53	245	139	5	14	228	18	251	3e-13	71.6
NC_003080|NP_203144.1	NC_016147|YP_004930964.1	28.70	230	131	7	13	222	468	684	3e-13	72.4
NC_003080|NP_203144.1	NC_002570|NP_244372.1	27.11	225	148	6	4	215	1	222	3e-13	70.1
NC_003080|NP_203144.1	NC_000916|NP_276057.1	24.74	194	145	1	25	217	22	215	4e-13	71.6
NC_003080|NP_203144.1	NC_000913|NP_415635.4	30.22	182	120	2	19	193	23	204	4e-13	69.7
NC_003080|NP_203144.1	NC_020238|YP_007420129.1	27.43	237	152	6	3	219	4	240	5e-13	70.9
NC_003080|NP_203144.1	NC_017248|YP_005603551.1	26.42	212	151	2	16	222	40	251	5e-13	70.1
NC_003080|NP_203144.1	NC_016147|YP_004931616.1	30.05	203	125	5	4	193	1	199	6e-13	69.3
NC_003080|NP_203144.1	NC_020238|YP_007419248.1	27.01	211	145	4	21	222	23	233	7e-13	70.1
NC_003080|NP_203144.1	NC_000913|NP_417911.4	27.75	227	156	4	1	222	1	224	7e-13	69.3
NC_003080|NP_203144.1	NC_009901|YP_001501520.1	28.16	206	142	3	13	213	18	222	8e-13	69.3
NC_003080|NP_203144.1	NC_020238|YP_007419271.1	26.32	228	159	3	4	222	1	228	8e-13	70.5
NC_003080|NP_203144.1	NC_002570|NP_241031.1	28.00	225	144	6	21	235	11	227	1e-12	69.7
NC_003080|NP_203144.1	NC_021033|YP_007821993.1	25.69	253	161	8	4	236	318	563	1e-12	70.9
NC_003080|NP_203144.1	NC_021033|YP_007821993.1	37.21	86	53	1	130	214	163	248	1e-06	52.4
NC_003080|NP_203144.1	NC_016147|YP_004930297.1	25.11	235	147	9	1	223	5	222	1e-12	69.7
NC_003080|NP_203144.1	NC_002570|NP_240894.1	26.02	319	190	11	4	290	12	316	1e-12	70.1
NC_003080|NP_203144.1	NC_020238|YP_007423937.1	25.45	220	157	3	5	217	1	220	1e-12	68.6
NC_003080|NP_203144.1	NC_002570|NP_244158.1	25.85	205	144	4	21	217	19	223	2e-12	68.6
NC_003080|NP_203144.1	NC_000913|NP_417662.1	29.00	231	156	4	1	224	5	234	2e-12	68.6
NC_003080|NP_203144.1	NC_021033|YP_007821518.1	28.32	226	151	6	1	217	1	224	2e-12	68.2
NC_003080|NP_203144.1	NC_000916|NP_275748.1	28.29	205	139	4	20	221	20	219	2e-12	68.2
NC_003080|NP_203144.1	NC_009901|YP_001500374.1	28.42	292	179	10	20	299	21	294	2e-12	68.9
NC_003080|NP_203144.1	NC_002570|NP_242031.1	27.27	198	118	7	33	222	30	209	2e-12	68.6
NC_003080|NP_203144.1	NC_017248|YP_005604488.1	31.03	203	118	7	10	211	11	192	2e-12	70.1
NC_003080|NP_203144.1	NC_009901|YP_001503183.1	29.05	210	141	3	16	217	26	235	2e-12	68.6
NC_003080|NP_203144.1	NC_020238|YP_007419347.1	27.23	224	124	7	4	193	21	239	2e-12	70.1
NC_003080|NP_203144.1	NC_020238|YP_007419347.1	27.93	179	103	4	20	193	363	520	7e-07	53.1
NC_003080|NP_203144.1	NC_020238|YP_007424238.1	26.60	203	139	3	1	193	1	203	2e-12	68.2
NC_003080|NP_203144.1	NC_000916|NP_276150.1	26.97	241	156	7	4	225	289	528	2e-12	69.7
NC_003080|NP_203144.1	NC_000913|NP_415385.1	23.47	213	154	2	14	217	11	223	2e-12	67.8
NC_003080|NP_203144.1	NC_022132|YP_008473447.1	25.00	212	152	4	20	225	16	226	3e-12	67.8
NC_003080|NP_203144.1	NC_016147|YP_004929081.1	27.57	214	145	4	16	222	14	224	3e-12	67.8
NC_003080|NP_203144.1	NC_022132|YP_008473820.1	26.61	218	150	5	4	214	1	215	3e-12	67.8
NC_003080|NP_203144.1	NC_000913|NP_418205.1	23.87	243	151	5	1	223	1	229	3e-12	69.3
NC_003080|NP_203144.1	NC_000913|NP_418205.1	24.20	219	151	3	21	225	268	485	6e-08	56.6
NC_003080|NP_203144.1	NC_002570|NP_244507.1	26.40	250	142	8	4	222	6	244	3e-12	68.9
NC_003080|NP_203144.1	NC_002570|NP_244308.1	27.27	231	155	7	4	225	7	233	4e-12	69.3
NC_003080|NP_203144.1	NC_020238|YP_007419960.1	25.88	228	151	5	20	246	21	231	4e-12	67.4
NC_003080|NP_203144.1	NC_017248|YP_005604328.1	31.22	237	126	7	6	218	28	251	4e-12	68.6
NC_003080|NP_203144.1	NC_020238|YP_007424153.1	26.34	205	139	4	1	193	1	205	4e-12	67.4
NC_003080|NP_203144.1	NC_022132|YP_008473176.1	28.19	227	149	6	16	231	13	236	4e-12	67.4
NC_003080|NP_203144.1	NC_016147|YP_004930540.1	27.84	176	119	3	20	193	25	194	5e-12	67.0
NC_003080|NP_203144.1	NC_000913|NP_416413.1	26.94	219	153	4	2	214	5	222	5e-12	68.6
NC_003080|NP_203144.1	NC_017248|YP_005603496.1	26.46	223	125	6	34	230	15	224	7e-12	68.6
NC_003080|NP_203144.1	NC_016147|YP_004929013.1	25.53	235	152	6	1	221	10	235	7e-12	67.4
NC_003080|NP_203144.1	NC_006512|YP_155495.1	26.76	213	119	3	1	193	1	196	8e-12	65.9
NC_003080|NP_203144.1	NC_020238|YP_007423066.1	24.24	231	161	6	5	226	343	568	8e-12	68.2
NC_003080|NP_203144.1	NC_000913|NP_415400.1	26.24	202	140	2	1	193	1	202	8e-12	68.2
NC_003080|NP_203144.1	NC_016147|YP_004931655.1	23.01	239	163	6	3	225	4	237	9e-12	66.2
NC_003080|NP_203144.1	NC_020238|YP_007424548.1	26.96	204	144	3	24	222	20	223	1e-11	66.2
NC_003080|NP_203144.1	NC_022132|YP_008474112.1	27.31	216	142	6	14	217	11	223	1e-11	65.9
NC_003080|NP_203144.1	NC_020238|YP_007422295.1	25.00	296	177	5	26	282	50	339	1e-11	67.0
NC_003080|NP_203144.1	NC_000913|NP_415350.2	29.03	217	133	9	32	236	351	558	1e-11	67.4
NC_003080|NP_203144.1	NC_000913|NP_415350.2	33.33	93	61	1	131	222	164	256	5e-07	53.5
NC_003080|NP_203144.1	NC_020238|YP_007419795.1	23.18	233	171	4	1	226	1	232	2e-11	66.2
NC_003080|NP_203144.1	NC_000913|NP_416705.2	29.61	179	121	2	15	193	13	186	2e-11	64.7
NC_003080|NP_203144.1	NC_009901|YP_001502530.1	29.20	226	145	7	11	225	20	241	2e-11	65.5
NC_003080|NP_203144.1	NC_020238|YP_007422376.1	27.09	203	136	6	20	214	23	221	2e-11	64.7
NC_003080|NP_203144.1	NC_020238|YP_007420087.1	23.53	238	140	6	10	226	433	649	3e-11	66.6
NC_003080|NP_203144.1	NC_002570|NP_244512.1	25.94	239	157	7	4	222	5	243	3e-11	65.9
NC_003080|NP_203144.1	NC_021033|YP_007821867.1	23.43	239	141	6	4	214	9	233	3e-11	65.1
NC_003080|NP_203144.1	NC_009901|YP_001502626.1	29.32	249	130	13	35	248	23	260	4e-11	66.2
NC_003080|NP_203144.1	NC_016147|YP_004931462.1	28.18	220	149	6	4	217	200	416	4e-11	65.9
NC_003080|NP_203144.1	NC_002570|NP_244469.1	28.00	200	136	3	26	217	18	217	4e-11	63.9
NC_003080|NP_203144.1	NC_020238|YP_007424247.1	23.76	202	145	3	1	193	1	202	4e-11	64.3
NC_003080|NP_203144.1	NC_002570|NP_243514.1	24.68	231	159	6	4	230	1	220	5e-11	63.9
NC_003080|NP_203144.1	NC_006512|YP_156645.1	27.53	178	104	3	27	190	26	192	5e-11	63.9
NC_003080|NP_203144.1	NC_022132|YP_008473983.1	26.72	232	147	4	14	222	10	241	5e-11	65.5
NC_003080|NP_203144.1	NC_017248|YP_005604706.1	25.13	199	144	2	20	213	5	203	5e-11	63.5
NC_003080|NP_203144.1	NC_020238|YP_007424758.1	27.51	189	113	2	20	193	20	199	5e-11	63.9
NC_003080|NP_203144.1	NC_020238|YP_007419247.1	31.07	206	138	2	21	222	23	228	6e-11	64.7
NC_003080|NP_203144.1	NC_009901|YP_001503457.1	29.30	215	145	3	15	222	18	232	6e-11	64.3
NC_003080|NP_203144.1	NC_002570|NP_241216.1	28.69	237	150	7	4	222	9	244	6e-11	65.1
NC_003080|NP_203144.1	NC_021033|YP_007821704.1	26.73	217	142	4	20	228	21	228	7e-11	63.5
NC_003080|NP_203144.1	NC_006512|YP_156487.1	24.89	225	149	5	14	222	34	254	9e-11	63.9
NC_003080|NP_203144.1	NC_000913|NP_415469.1	26.36	220	132	4	20	214	18	232	1e-10	65.1
NC_003080|NP_203144.1	NC_002570|NP_241139.1	25.13	199	140	3	4	193	5	203	1e-10	63.5
NC_003080|NP_203144.1	NC_009901|YP_001500588.1	27.06	218	152	3	5	216	27	243	1e-10	64.7
NC_003080|NP_203144.1	NC_017248|YP_005604516.1	27.51	229	144	8	12	231	20	235	1e-10	63.2
NC_003080|NP_203144.1	NC_020238|YP_007424789.1	24.10	195	140	3	16	210	10	196	1e-10	63.9
NC_003080|NP_203144.1	NC_022132|YP_008473289.1	25.57	262	186	6	16	273	12	268	1e-10	63.9
NC_003080|NP_203144.1	NC_009901|YP_001501406.1	29.52	166	111	1	19	178	30	195	1e-10	62.8
NC_003080|NP_203144.1	NC_017248|YP_005602814.1	28.37	215	136	7	21	217	25	239	2e-10	64.3
NC_003080|NP_203144.1	NC_017248|YP_005602814.1	24.66	223	152	8	10	217	287	508	4e-09	60.1
NC_003080|NP_203144.1	NC_017248|YP_005603027.1	26.24	221	153	5	4	217	1	218	2e-10	63.5
NC_003080|NP_203144.1	NC_002570|NP_242024.1	24.67	227	147	6	10	222	433	649	2e-10	64.3
NC_003080|NP_203144.1	NC_000916|NP_276841.1	23.14	229	162	5	18	233	19	246	2e-10	62.8
NC_003080|NP_203144.1	NC_009901|YP_001503932.1	28.72	195	130	3	20	213	20	206	2e-10	63.9
NC_003080|NP_203144.1	NC_021033|YP_007822031.1	29.55	176	116	3	26	193	26	201	2e-10	62.0
NC_003080|NP_203144.1	NC_009901|YP_001504076.1	24.89	229	153	6	14	227	12	236	3e-10	62.0
NC_003080|NP_203144.1	NC_002570|NP_244762.1	23.94	259	183	6	21	278	19	264	3e-10	63.2
NC_003080|NP_203144.1	NC_006512|YP_155673.1	29.36	218	130	7	7	214	313	516	3e-10	63.5
NC_003080|NP_203144.1	NC_006512|YP_155673.1	30.25	119	77	3	118	235	141	254	6e-07	53.5
NC_003080|NP_203144.1	NC_000913|NP_414693.1	28.50	214	145	4	13	218	18	231	3e-10	62.0
NC_003080|NP_203144.1	NC_016147|YP_004929211.1	30.40	227	148	6	5	222	23	248	3e-10	62.4
NC_003080|NP_203144.1	NC_016147|YP_004929653.1	29.30	215	127	5	3	211	311	506	4e-10	63.2
NC_003080|NP_203144.1	NC_016147|YP_004929653.1	32.10	81	52	1	133	213	147	224	5e-07	53.5
NC_003080|NP_203144.1	NC_009901|YP_001500118.1	27.94	204	140	2	21	217	50	253	4e-10	62.8
NC_003080|NP_203144.1	NC_020238|YP_007419982.1	28.06	196	134	3	21	210	19	213	4e-10	61.2
NC_003080|NP_203144.1	NC_000916|NP_276806.1	29.49	217	124	5	28	226	127	332	5e-10	62.8
NC_003080|NP_203144.1	NC_000916|NP_276806.1	29.80	151	86	3	31	179	396	528	2e-08	57.8
NC_003080|NP_203144.1	NC_000913|NP_417042.1	26.24	202	140	1	21	213	26	227	5e-10	62.8
NC_003080|NP_203144.1	NC_000913|NP_417042.1	24.90	253	162	6	4	243	266	503	1e-06	52.4
NC_003080|NP_203144.1	NC_020238|YP_007421512.1	36.14	83	50	1	133	215	156	235	6e-10	62.8
NC_003080|NP_203144.1	NC_016147|YP_004929180.1	27.14	199	135	2	19	217	44	232	6e-10	62.4
NC_003080|NP_203144.1	NC_000913|NP_415341.1	27.73	220	113	6	35	220	31	238	6e-10	62.4
NC_003080|NP_203144.1	NC_009901|YP_001503213.1	27.44	215	139	2	2	210	13	216	7e-10	60.8
NC_003080|NP_203144.1	NC_000913|NP_415120.1	25.36	209	149	3	16	217	18	226	7e-10	61.2
NC_003080|NP_203144.1	NC_016147|YP_004931463.1	25.23	218	139	5	21	217	4	218	7e-10	60.8
NC_003080|NP_203144.1	NC_002570|NP_243201.1	26.29	232	155	6	5	226	353	578	8e-10	62.4
NC_003080|NP_203144.1	NC_009901|YP_001502143.1	25.94	212	112	4	35	213	31	230	8e-10	62.0
NC_003080|NP_203144.1	NC_002570|NP_241030.1	28.78	205	137	4	20	218	21	222	8e-10	61.2
NC_003080|NP_203144.1	NC_017248|YP_005604329.1	23.62	254	143	7	4	222	5	242	8e-10	61.2
NC_003080|NP_203144.1	NC_002570|NP_241335.1	25.00	216	144	4	24	223	25	238	1e-09	60.5
NC_003080|NP_203144.1	NC_002570|NP_241947.1	26.54	211	146	5	16	218	14	223	1e-09	60.8
NC_003080|NP_203144.1	NC_020238|YP_007422171.1	26.96	204	141	4	21	222	19	216	1e-09	60.8
NC_003080|NP_203144.1	NC_020238|YP_007422501.1	22.50	200	146	3	3	193	2	201	1e-09	60.5
NC_003080|NP_203144.1	NC_002570|NP_241114.1	25.96	208	141	4	28	223	39	245	1e-09	60.5
NC_003080|NP_203144.1	NC_002570|NP_244513.1	26.55	226	146	9	13	219	17	241	2e-09	60.5
NC_003080|NP_203144.1	NC_016147|YP_004930600.1	27.50	200	135	4	4	193	7	206	2e-09	59.3
NC_003080|NP_203144.1	NC_020238|YP_007421755.1	27.44	215	136	7	20	222	351	557	2e-09	60.8
NC_003080|NP_203144.1	NC_002570|NP_241147.1	29.08	196	132	3	4	193	5	199	3e-09	58.9
NC_003080|NP_203144.1	NC_021033|YP_007821011.1	27.78	252	159	8	1	234	1	247	3e-09	59.3
NC_003080|NP_203144.1	NC_020238|YP_007419815.1	28.64	220	151	3	4	218	1	219	3e-09	59.3
NC_003080|NP_203144.1	NC_002570|NP_241619.1	25.41	185	131	3	16	193	19	203	3e-09	59.3
NC_003080|NP_203144.1	NC_002570|NP_242023.1	24.66	219	141	4	18	222	351	559	3e-09	60.5
NC_003080|NP_203144.1	NC_021033|YP_007821788.1	25.23	222	120	6	35	222	31	240	4e-09	60.1
NC_003080|NP_203144.1	NC_022132|YP_008474146.1	28.57	182	120	5	20	193	18	197	4e-09	58.2
NC_003080|NP_203144.1	NC_021033|YP_007822027.1	27.64	199	115	4	10	179	11	209	5e-09	57.8
NC_003080|NP_203144.1	NC_016147|YP_004931654.1	26.94	219	152	3	12	225	19	234	6e-09	58.2
NC_003080|NP_203144.1	NC_020238|YP_007420130.1	25.18	282	173	12	4	256	6	278	6e-09	58.9
NC_003080|NP_203144.1	NC_002570|NP_241416.1	25.89	224	128	8	4	193	3	222	7e-09	59.3
NC_003080|NP_203144.1	NC_002570|NP_241416.1	30.43	207	115	6	13	212	338	522	2e-08	57.8
NC_003080|NP_203144.1	NC_009901|YP_001501628.1	27.57	214	137	7	21	222	383	590	8e-09	58.9
NC_003080|NP_203144.1	NC_009901|YP_001501805.1	33.67	98	56	2	133	230	157	245	9e-09	58.9
NC_003080|NP_203144.1	NC_002570|NP_241436.1	25.33	229	152	5	12	222	19	246	9e-09	58.2
NC_003080|NP_203144.1	NC_022132|YP_008473769.1	26.41	231	150	8	13	237	9	225	1e-08	57.0
NC_003080|NP_203144.1	NC_017248|YP_005603622.1	25.74	202	142	4	20	214	25	225	1e-08	57.0
NC_003080|NP_203144.1	NC_002570|NP_243565.1	25.27	182	125	3	21	193	24	203	1e-08	57.4
NC_003080|NP_203144.1	NC_000913|NP_416270.1	29.14	151	103	2	20	167	16	165	1e-08	56.6
NC_003080|NP_203144.1	NC_009901|YP_001500490.1	30.43	184	112	5	20	193	24	201	2e-08	56.6
NC_003080|NP_203144.1	NC_002570|NP_244781.1	25.81	155	109	1	20	168	22	176	2e-08	57.0
NC_003080|NP_203144.1	NC_021033|YP_007821012.1	33.33	111	69	3	118	226	130	237	2e-08	58.2
NC_003080|NP_203144.1	NC_002570|NP_242891.1	31.76	170	97	6	2	169	330	482	2e-08	58.2
NC_003080|NP_203144.1	NC_002570|NP_243202.1	24.76	210	146	5	21	222	353	558	2e-08	58.2
NC_003080|NP_203144.1	NC_021033|YP_007821106.1	24.89	221	147	5	24	225	25	245	2e-08	57.0
NC_003080|NP_203144.1	NC_006512|YP_154930.1	26.96	230	124	9	24	229	382	591	2e-08	57.8
NC_003080|NP_203144.1	NC_000913|NP_417997.1	23.40	235	138	6	19	227	36	254	3e-08	57.0
NC_003080|NP_203144.1	NC_022132|YP_008474008.1	29.22	219	153	2	5	222	4	221	3e-08	57.0
NC_003080|NP_203144.1	NC_002570|NP_242943.1	34.83	89	57	1	135	222	150	238	3e-08	56.6
NC_003080|NP_203144.1	NC_022132|YP_008474121.1	23.68	228	160	2	16	229	12	239	4e-08	57.0
NC_003080|NP_203144.1	NC_002570|NP_242665.1	27.49	251	162	6	13	248	9	254	5e-08	55.8
NC_003080|NP_203144.1	NC_000913|NP_416685.1	26.32	209	142	8	20	217	301	508	5e-08	56.6
NC_003080|NP_203144.1	NC_016147|YP_004931177.1	25.00	212	146	5	18	218	375	584	5e-08	56.6
NC_003080|NP_203144.1	NC_009901|YP_001502598.1	24.09	220	153	6	16	222	36	254	6e-08	55.8
NC_003080|NP_203144.1	NC_022132|YP_008473209.1	25.23	222	136	3	20	222	17	227	1e-07	55.1
NC_003080|NP_203144.1	NC_002570|NP_241905.1	26.67	165	115	2	20	178	18	182	1e-07	54.7
NC_003080|NP_203144.1	NC_006512|YP_154507.1	26.44	208	140	5	16	213	12	216	1e-07	54.3
NC_003080|NP_203144.1	NC_016147|YP_004930463.1	27.05	207	135	7	21	217	342	542	2e-07	55.1
NC_003080|NP_203144.1	NC_022132|YP_008473953.1	23.19	207	153	5	20	222	355	559	2e-07	55.1
NC_003080|NP_203144.1	NC_017248|YP_005604295.1	24.02	229	161	5	5	222	370	596	2e-07	54.7
NC_003080|NP_203144.1	NC_021033|YP_007821517.1	43.75	64	35	1	4	67	347	409	2e-07	54.7
NC_003080|NP_203144.1	NC_021033|YP_007821560.1	24.76	210	143	5	2	210	124	319	2e-07	54.3
NC_003080|NP_203144.1	NC_006512|YP_156254.1	38.75	80	46	1	132	211	159	235	3e-07	54.3
NC_003080|NP_203144.1	NC_002570|NP_241317.1	28.04	214	126	7	20	218	496	696	3e-07	54.7
NC_003080|NP_203144.1	NC_000913|NP_416809.1	31.91	94	64	0	135	228	152	245	3e-07	53.5
NC_003080|NP_203144.1	NC_002570|NP_241807.1	24.56	228	124	7	21	222	362	567	4e-07	53.9
NC_003080|NP_203144.1	NC_000913|NP_417936.1	24.71	255	169	7	1	243	1	244	4e-07	52.8
NC_003080|NP_203144.1	NC_020238|YP_007420086.1	26.34	205	141	5	21	218	354	555	4e-07	53.9
NC_003080|NP_203144.1	NC_002570|NP_242766.1	26.63	199	88	8	4	193	3	152	5e-07	53.5
NC_003080|NP_203144.1	NC_000913|NP_418808.1	38.27	81	47	1	132	212	159	236	6e-07	53.5
NC_003080|NP_203144.1	NC_017248|YP_005603359.1	24.62	199	135	5	28	213	140	336	6e-07	53.1
NC_003080|NP_203144.1	NC_002570|NP_241991.1	24.89	233	164	7	5	229	333	562	9e-07	52.8
NC_003080|NP_203144.1	NC_017248|YP_005604130.1	28.86	201	133	5	19	214	18	213	1e-06	51.6
NC_003080|NP_203144.1	NC_021033|YP_007821870.1	23.73	236	166	5	1	222	1	236	1e-06	51.6
NC_003080|NP_203144.1	NC_002570|NP_243546.1	23.63	237	171	2	10	245	11	238	2e-06	51.2
NC_003080|NP_203144.1	NC_020238|YP_007419698.1	33.70	92	59	2	135	226	478	567	2e-06	51.6
NC_003080|NP_203144.1	NC_017248|YP_005604378.1	22.69	216	150	4	24	223	246	460	2e-06	51.2
NC_003080|NP_203144.1	NC_006512|YP_155900.1	22.17	221	139	5	21	222	357	563	3e-06	51.2
NC_003080|NP_203144.1	NC_020238|YP_007423844.1	23.04	204	140	4	4	193	3	203	3e-06	50.4
NC_003080|NP_203144.1	NC_020238|YP_007423067.1	23.29	219	144	5	21	225	353	561	5e-06	50.4
NC_003080|NP_203144.1	NC_017248|YP_005604846.1	31.71	82	55	1	136	217	170	250	5e-06	49.7
NC_003080|NP_203144.1	NC_020238|YP_007424946.1	24.16	178	115	4	17	193	336	494	5e-06	50.4
NC_003080|NP_203144.1	NC_017248|YP_005604214.1	27.68	224	125	5	16	212	17	230	9e-06	49.7
NC_003080|NP_203145.1	NC_003080|NP_203145.1	100.00	247	0	0	1	247	1	247	1e-173	  484
NC_003080|NP_203146.1	NC_003080|NP_203146.1	100.00	94	0	0	1	94	1	94	3e-61	  187
NC_003080|NP_203147.1	NC_003080|NP_203147.1	100.00	92	0	0	1	92	1	92	7e-62	  188
NC_003080|NP_203148.1	NC_003080|NP_203148.1	100.00	265	0	0	1	265	1	265	0.0	  546
NC_003080|NP_203149.1	NC_003080|NP_203149.1	100.00	88	0	0	1	88	1	88	8e-45	  144
NC_003080|YP_220784.1	NC_003080|YP_220784.1	100.00	52	0	0	1	52	1	52	4e-29	  102
NC_003080|NP_203150.1	NC_003080|NP_203150.1	100.00	102	0	0	1	102	1	102	1e-69	  209
NC_003080|NP_203151.1	NC_003080|NP_203151.1	100.00	217	0	0	1	217	1	217	4e-158	  442
NC_003080|NP_203152.1	NC_003080|NP_203152.1	100.00	205	0	0	1	205	1	205	3e-148	  416
NC_003080|NP_203152.1	NC_017248|YP_005603096.1	44.68	188	92	4	22	204	19	199	4e-38	  135
NC_003080|NP_203152.1	NC_015963|YP_004821700.1	43.96	182	96	3	24	204	3	179	4e-36	  130
NC_003080|NP_203152.1	NC_000913|NP_415676.1	37.91	182	110	1	24	205	2	180	1e-32	  120
NC_003080|NP_203152.1	NC_000913|NP_416063.1	34.41	186	114	3	23	202	3	186	6e-26	  103
NC_003080|NP_203152.1	NC_000913|NP_415892.1	33.87	186	115	3	23	202	3	186	5e-25	  100
NC_003080|NP_203152.1	NC_020238|YP_007422367.1	29.95	187	120	5	27	202	6	192	5e-14	70.5
NC_003080|NP_203152.1	NC_020238|YP_007420417.1	26.42	159	99	6	23	166	2	157	8e-07	51.2
NC_003080|NP_203153.1	NC_003080|NP_203153.1	100.00	298	0	0	1	298	1	298	0.0	  546
NC_003080|NP_203154.1	NC_003080|NP_203154.1	100.00	194	0	0	1	194	1	194	3e-140	  395
NC_003080|NP_203154.1	NC_016147|YP_004929095.1	36.94	111	61	4	8	114	9	114	1e-07	52.4
NC_003080|NP_203154.1	NC_016147|YP_004930706.1	30.17	179	105	5	1	164	1	174	1e-07	52.4
NC_003080|NP_203155.1	NC_003080|NP_203155.1	100.00	79	0	0	1	79	1	79	2e-50	  158
